0 0
0.01 0
0.02 0
0.03 0
0.04 0
0.05 0
0.06 0
0.07 0
0.08 0
0.09 0
0.1 0
0.11 0
0.12 0
0.13 0
0.14 0
0.15 0
0.16 0
0.17 0
0.18 0
0.19 0
0.2 0
0.21 0
0.22 0
0.23 0
0.24 0
0.25 0
0.26 0
0.27 0
0.28 0
0.29 0
0.3 0
0.31 0
0.32 0
0.33 0
0.34 0
0.35 0
0.36 0
0.37 0
0.38 0
0.39 0
0.4 0
0.41 0
0.42 0
0.43 0
0.44 0
0.45 0
0.46 0
0.47 0
0.48 0
0.49 0
0.5 0
0.51 0
0.52 0
0.53 0
0.54 0.0722926
0.55 0
0.56 0
0.57 0
0.58 0
0.59 0.0963007
0.6 0.171712
0.61 0.368711
0.62 0
0.63 0
0.64 0
0.65 0
0.66 0.0840047
0.67 0.108996
0.68 0
0.69 0
0.7 0
0.71 0
0.72 -0.176616
0.73 0
0.74 0
0.75 0.275083
0.76 0
0.77 0
0.78 0.0919835
0.79 0
0.8 0.0644688
0.81 0.217051
0.82 -0.179571
0.83 0.159474
0.84 -0.188423
0.85 0.0506501
0.86 -0.323169
0.87 -0.0780682
0.88 0.228251
0.89 0.106705
0.9 -0.144001
0.91 0.151038
0.92 0.0373651
0.93 0.0885015
0.94 -0.162008
0.95 -0.0361555
0.96 0.219444
0.97 0
0.98 1.02553
0.99 -0.827827
1 -0.298274
1.01 -0.0908075
1.02 -0.0484343
1.03 -0.0104335
1.04 0.233217
1.05 0.0279439
1.06 0.214147
1.07 -0.389894
1.08 -0.462566
1.09 0.236191
1.1 -0.0607244
1.11 0.189944
1.12 0.0267431
1.13 -0.0320539
1.14 -0.654631
1.15 0.264077
1.16 0.729796
1.17 0.136477
1.18 -0.558051
1.19 0.671858
1.2 -0.796661
1.21 0.436432
1.22 1.296
1.23 0.107361
1.24 0.8465
1.25 1.22024
1.26 -0.0970713
1.27 -0.214663
1.28 0.395786
1.29 -0.439696
1.3 0.735218
1.31 -0.0583495
1.32 -0.263185
1.33 -0.479263
1.34 0.441734
1.35 0.474378
1.36 0.703584
1.37 -0.45478
1.38 0.304119
1.39 -0.778606
1.4 0.0585678
1.41 0.673368
1.42 0.876429
1.43 0.470933
1.44 -0.633934
1.45 -1.20942
1.46 0.246421
1.47 1.29905
1.48 1.44385
1.49 -0.385857
1.5 -0.174794
1.51 0.665225
1.52 -0.697708
1.53 1.13815
1.54 1.49684
1.55 -2.1223
1.56 -0.0780192
1.57 -0.850814
1.58 -0.152874
1.59 1.31654
1.6 0.992186
1.61 0.995241
1.62 0.367267
1.63 0.643386
1.64 -0.981271
1.65 0.0406877
1.66 -0.414287
1.67 -1.28961
1.68 2.27698
1.69 -0.143136
1.7 0.20481
1.71 0.726461
1.72 -0.914327
1.73 0.341321
1.74 -1.06694
1.75 1.01259
1.76 0.133262
1.77 -0.958374
1.78 -1.05397
1.79 0.185245
1.8 0.959302
1.81 -1.65409
1.82 -1.09931
1.83 1.94377
1.84 0.488884
1.85 0.866031
1.86 1.15418
1.87 1.59489
1.88 1.6424
1.89 -1.07359
1.9 -1.20326
1.91 1.54954
1.92 -0.173988
1.93 2.21681
1.94 -0.504431
1.95 1.21905
1.96 0.296054
1.97 1.60252
1.98 -0.0218064
1.99 -1.80328
2 1.0962
2.01 0.314963
2.02 0.533072
2.03 -0.101275
2.04 -0.562849
2.05 0.888399
2.06 -1.58928
2.07 1.04758
2.08 -0.0963645
2.09 -0.353199
2.1 2.25313
2.11 -0.54254
2.12 1.48552
2.13 0.569319
2.14 1.88457
2.15 -0.118493
2.16 -0.481305
2.17 3.22488
2.18 0.470614
2.19 1.28294
2.2 -0.430789
2.21 2.42707
2.22 -1.74945
2.23 1.69968
2.24 1.45437
2.25 3.78092
2.26 2.09321
2.27 0.770217
2.28 -1.99406
2.29 4.68264
2.3 -0.208232
2.31 1.7985
2.32 1.35009
2.33 0.823854
2.34 2.03211
2.35 -0.437488
2.36 2.02142
2.37 -0.883774
2.38 0.870182
2.39 -0.00430551
2.4 0.428891
2.41 -1.08123
2.42 -1.03267
2.43 2.83703
2.44 -2.37881
2.45 0.968822
2.46 -0.710479
2.47 -0.217734
2.48 4.09855
2.49 1.506
2.5 -0.593263
2.51 1.27137
2.52 3.69368
2.53 1.2212
2.54 -0.267753
2.55 1.36137
2.56 2.90542
2.57 1.56673
2.58 0.525769
2.59 -0.858447
2.6 0.548609
2.61 -0.974907
2.62 5.03025
2.63 1.27805
2.64 3.94888
2.65 1.26318
2.66 1.23334
2.67 1.28041
2.68 1.85251
2.69 2.27017
2.7 3.01712
2.71 -4.33532
2.72 5.15026
2.73 -1.4838
2.74 0.440129
2.75 -2.73817
2.76 4.81453
2.77 1.01266
2.78 -1.6824
2.79 -0.46031
2.8 0.907171
2.81 1.69156
2.82 -0.917467
2.83 0.399258
2.84 0.35085
2.85 0.441635
2.86 1.99208
2.87 -0.178579
2.88 1.77137
2.89 -0.162558
2.9 1.20276
2.91 -1.05314
2.92 2.88821
2.93 2.13063
2.94 -1.25785
2.95 -2.00329
2.96 -3.05333
2.97 -4.59907
2.98 -1.3582
2.99 -2.67253
3 -3.23913
3.01 -2.20753
3.02 3.48754
3.03 -0.517288
3.04 -0.0520344
3.05 2.12523
3.06 0.214443
3.07 -3.64201
3.08 1.7334
3.09 0.327289
3.1 2.68519
3.11 -0.845058
3.12 -1.85341
3.13 4.03793
3.14 5.41628
3.15 6.18474
3.16 4.15405
3.17 -5.17784
3.18 0.655176
3.19 5.9648
3.2 -1.58042
3.21 5.78668
3.22 2.99117
3.23 -1.18115
3.24 -6.17532
3.25 5.93402
3.26 -5.36498
3.27 -5.38286
3.28 3.98653
3.29 -7.57899
3.3 -0.965846
3.31 -1.33168
3.32 -0.502905
3.33 -1.76029
3.34 -2.75999
3.35 4.88559
3.36 -0.169373
3.37 3.88527
3.38 0.984228
3.39 5.02789
3.4 -9.6309
3.41 4.02663
3.42 7.97455
3.43 1.91347
3.44 1.31535
3.45 0.783277
3.46 0.042941
3.47 1.08163
3.48 5.3178
3.49 10.2973
3.5 11.0062
3.51 0.98886
3.52 -2.32287
3.53 3.62314
3.54 3.32905
3.55 4.28317
3.56 -1.7313
3.57 0.317913
3.58 2.15648
3.59 10.6249
3.6 -3.5564
3.61 3.6905
3.62 5.72481
3.63 0.178878
3.64 -2.76503
3.65 3.2982
3.66 -3.55446
3.67 -0.179764
3.68 6.77572
3.69 -1.27632
3.7 5.35058
3.71 2.64767
3.72 -4.35681
3.73 2.7485
3.74 -3.73321
3.75 3.64866
3.76 -1.59876
3.77 2.37133
3.78 5.90846
3.79 -0.443341
3.8 -0.30364
3.81 0.347783
3.82 0.144015
3.83 2.24524
3.84 -3.36779
3.85 8.3617
3.86 6.41229
3.87 -0.439823
3.88 -0.423419
3.89 -8.62776
3.9 6.2395
3.91 2.03655
3.92 1.36889
3.93 0.507435
3.94 -0.360209
3.95 8.0383
3.96 1.02511
3.97 -3.28592
3.98 3.02154
3.99 6.28134
4 0.916291
4.01 -1.3432
4.02 -0.331822
4.03 3.68379
4.04 6.53362
4.05 1.50578
4.06 -2.84051
4.07 -0.399595
4.08 0.6822
4.09 2.93728
4.1 6.12853
4.11 0.290425
4.12 0.653542
4.13 -14.7153
4.14 0.0450708
4.15 2.43465
4.16 -4.08465
4.17 -0.03165
4.18 12.1186
4.19 0.830197
4.2 3.09591
4.21 4.3525
4.22 0.0301242
4.23 -0.61074
4.24 -7.14245
4.25 1.43615
4.26 -3.19241
4.27 -0.336737
4.28 7.85774
4.29 -2.51707
4.3 3.46525
4.31 3.13253
4.32 -1.05487
4.33 -7.71671
4.34 6.94995
4.35 -0.203216
4.36 10.7655
4.37 2.91102
4.38 -1.65222
4.39 -4.87939
4.4 2.32374
4.41 1.45046
4.42 -5.53625
4.43 -5.02793
4.44 3.0212
4.45 -2.11126
4.46 3.82788
4.47 1.51179
4.48 7.67821
4.49 3.08694
4.5 -5.20294
4.51 -3.91056
4.52 9.53605
4.53 -1.2787
4.54 4.16559
4.55 6.84675
4.56 3.41371
4.57 -4.9604
4.58 5.77006
4.59 6.78222
4.6 -0.392744
4.61 -3.04416
4.62 3.0387
4.63 4.89913
4.64 0.795874
4.65 3.87441
4.66 -2.57545
4.67 1.96157
4.68 5.25252
4.69 4.67282
4.7 1.85426
4.71 -2.91751
4.72 6.27518
4.73 -3.42993
4.74 14.7571
4.75 -11.8529
4.76 6.27702
4.77 -3.79411
4.78 1.63594
4.79 2.34141
4.8 -4.41798
4.81 8.12635
4.82 1.40796
4.83 2.32656
4.84 -9.28805
4.85 -5.3324
4.86 -0.641135
4.87 4.71447
4.88 2.65258
4.89 -1.65859
4.9 -6.85175
4.91 -4.56968
4.92 -2.73636
4.93 0.639124
4.94 5.97527
4.95 -2.85277
4.96 3.76259
4.97 6.97855
4.98 7.41155
4.99 11.1625
5 5.00151
5.01 1.90786
5.02 6.09584
5.03 1.80284
5.04 -1.53451
5.05 -2.19122
5.06 -1.06894
5.07 0.300261
5.08 -3.30291
5.09 7.80315
5.1 7.62421
5.11 -1.49448
5.12 -4.3594
5.13 -12.1999
5.14 5.28657
5.15 -3.99878
5.16 9.72907
5.17 4.0316
5.18 5.56258
5.19 2.53208
5.2 3.80438
5.21 0.319481
5.22 7.75825
5.23 -3.44301
5.24 1.97248
5.25 -0.692958
5.26 9.56898
5.27 4.95146
5.28 -4.52589
5.29 -11.8879
5.3 -5.98101
5.31 -6.32754
5.32 0.692995
5.33 -3.52689
5.34 1.46726
5.35 -2.6984
5.36 -8.32525
5.37 -4.54321
5.38 8.97596
5.39 -2.15816
5.4 -11.9333
5.41 12.0312
5.42 -7.14409
5.43 4.23273
5.44 -1.54814
5.45 -6.38046
5.46 -0.257767
5.47 0.436421
5.48 6.68932
5.49 3.89136
5.5 -5.24439
5.51 0.0961438
5.52 -7.85224
5.53 -5.57082
5.54 -3.71251
5.55 8.46339
5.56 -0.0610244
5.57 1.60324
5.58 -6.47495
5.59 -3.72016
5.6 3.94324
5.61 -1.67019
5.62 7.16894
5.63 -3.99743
5.64 1.11493
5.65 -0.431204
5.66 3.26026
5.67 2.68289
5.68 3.52943
5.69 1.07256
5.7 5.16749
5.71 2.78142
5.72 -4.24082
5.73 -3.70863
5.74 -3.43365
5.75 16.3916
5.76 -6.8622
5.77 -10.3038
5.78 12.7508
5.79 4.73275
5.8 5.10084
5.81 -0.72076
5.82 -8.13852
5.83 1.45422
5.84 -3.90925
5.85 -10.3856
5.86 1.86213
5.87 -4.7935
5.88 -0.525939
5.89 -7.54519
5.9 7.18848
5.91 3.05739
5.92 5.52174
5.93 1.98589
5.94 0.33707
5.95 0.327371
5.96 6.68163
5.97 5.79674
5.98 1.44829
5.99 2.30398
6 2.30151
6.01 0.0330627
6.02 10.1964
6.03 4.26043
6.04 7.17552
6.05 -2.78608
6.06 1.99255
6.07 14.2644
6.08 3.41735
6.09 -6.72717
6.1 -4.57753
6.11 -1.66802
6.12 -2.55734
6.13 -3.5453
6.14 17.2614
6.15 3.21016
6.16 4.70608
6.17 -4.55418
6.18 0.164456
6.19 10.8137
6.2 7.47499
6.21 -2.53855
6.22 -5.70021
6.23 -3.96517
6.24 1.42006
6.25 4.25506
6.26 19.6441
6.27 0.670457
6.28 -0.233182
6.29 4.40295
6.3 4.85142
6.31 2.87004
6.32 3.61256
6.33 4.12732
6.34 8.92844
6.35 -13.0945
6.36 1.66556
6.37 -1.19407
6.38 -2.24346
6.39 14.6057
6.4 5.15597
6.41 -6.06111
6.42 5.73852
6.43 1.32008
6.44 -1.79031
6.45 1.01173
6.46 4.69227
6.47 -3.65718
6.48 6.02048
6.49 2.90616
6.5 10.8239
6.51 1.63387
6.52 8.33706
6.53 5.00443
6.54 -3.27988
6.55 3.36998
6.56 -10.0193
6.57 -2.36289
6.58 5.31347
6.59 -2.13787
6.6 -0.116406
6.61 8.03079
6.62 6.74925
6.63 -0.816727
6.64 -7.77412
6.65 -9.93309
6.66 -4.10826
6.67 -2.00003
6.68 -15.6088
6.69 7.00771
6.7 1.94044
6.71 7.28762
6.72 -1.52515
6.73 13.29
6.74 2.19591
6.75 -8.91973
6.76 12.6259
6.77 -14.6016
6.78 1.75102
6.79 -5.41642
6.8 2.15218
6.81 16.6312
6.82 -4.59935
6.83 0.776161
6.84 3.03722
6.85 -2.50776
6.86 13.0147
6.87 0.834146
6.88 7.24112
6.89 2.97345
6.9 9.67599
6.91 1.09343
6.92 2.68754
6.93 6.15169
6.94 -0.809363
6.95 -3.01169
6.96 11.0614
6.97 9.00929
6.98 3.8678
6.99 4.92152
7 3.95361
7.01 -5.76411
7.02 23.1561
7.03 8.61033
7.04 -5.66931
7.05 -11.8218
7.06 11.9004
7.07 -3.59064
7.08 9.05001
7.09 -1.42183
7.1 -0.296671
7.11 9.771
7.12 0.324962
7.13 4.41615
7.14 -2.55819
7.15 -0.565172
7.16 -3.08716
7.17 4.48527
7.18 -4.7333
7.19 -5.85057
7.2 2.71404
7.21 1.95029
7.22 3.50065
7.23 7.36656
7.24 7.49571
7.25 -0.552938
7.26 3.17164
7.27 -5.71539
7.28 4.44312
7.29 -1.60311
7.3 4.43819
7.31 -2.06723
7.32 12.3294
7.33 -4.97835
7.34 -6.9788
7.35 -4.05615
7.36 -1.64792
7.37 5.64316
7.38 7.62813
7.39 -1.98998
7.4 -0.834407
7.41 -2.61921
7.42 -2.91134
7.43 -5.81146
7.44 -0.363916
7.45 -1.47696
7.46 -8.7034
7.47 17.056
7.48 11.1326
7.49 -0.898873
7.5 10.2248
7.51 18.942
7.52 2.34012
7.53 6.81864
7.54 -0.933372
7.55 -0.126287
7.56 -1.35195
7.57 2.181
7.58 1.12539
7.59 2.81055
7.6 6.04361
7.61 -2.14223
7.62 -1.03467
7.63 14.012
7.64 -0.962289
7.65 -1.5087
7.66 3.83859
7.67 7.95729
7.68 15.0773
7.69 3.15378
7.7 -21.4831
7.71 8.54558
7.72 -6.88078
7.73 3.75685
7.74 3.84148
7.75 -7.81014
7.76 -2.30829
7.77 1.09119
7.78 6.11094
7.79 6.89631
7.8 3.69591
7.81 4.2586
7.82 0.175338
7.83 3.60727
7.84 -1.61598
7.85 -13.2653
7.86 -8.37082
7.87 7.70833
7.88 8.19477
7.89 -2.73794
7.9 6.06364
7.91 5.61473
7.92 14.7711
7.93 5.88807
7.94 2.19818
7.95 16.1217
7.96 5.34909
7.97 8.82562
7.98 -1.72707
7.99 13.9501
8 2.21562
8.01 -5.77703
8.02 -2.90768
8.03 -8.24678
8.04 0.246655
8.05 18.0029
8.06 11.8778
8.07 6.42573
8.08 1.7282
8.09 -1.47783
8.1 2.73985
8.11 -9.3428
8.12 7.829
8.13 -1.10587
8.14 4.1517
8.15 1.50992
8.16 -4.64037
8.17 2.22423
8.18 5.59257
8.19 3.48861
8.2 18.964
8.21 5.89009
8.22 -3.36097
8.23 -7.68168
8.24 -10.5853
8.25 10.0087
8.26 7.45652
8.27 -1.93132
8.28 5.68013
8.29 -14.3305
8.3 2.18728
8.31 -17.3035
8.32 2.0834
8.33 -4.78053
8.34 -5.69459
8.35 6.38638
8.36 7.15541
8.37 -0.500041
8.38 4.87867
8.39 0.590402
8.4 9.28259
8.41 3.37808
8.42 -16.5371
8.43 2.86546
8.44 -2.45239
8.45 -6.62883
8.46 -0.31936
8.47 0.0994122
8.48 18.7015
8.49 7.76446
8.5 2.5756
8.51 9.88686
8.52 4.16209
8.53 -14.4974
8.54 -5.3865
8.55 -2.01894
8.56 4.49266
8.57 -8.44309
8.58 10.0376
8.59 5.37182
8.6 -5.2475
8.61 -15.5922
8.62 -11.759
8.63 -2.79688
8.64 1.32947
8.65 -1.58956
8.66 4.35747
8.67 -7.18565
8.68 4.36772
8.69 1.36513
8.7 -3.03783
8.71 -1.58202
8.72 8.45742
8.73 2.2753
8.74 -1.32785
8.75 -2.23729
8.76 -18.9496
8.77 0.0869813
8.78 1.88133
8.79 -4.71788
8.8 -7.18882
8.81 3.91593
8.82 -16.0299
8.83 -3.16498
8.84 16.0658
8.85 6.48055
8.86 -16.5958
8.87 -8.47832
8.88 -9.30672
8.89 11.8686
8.9 -18.5675
8.91 14.7728
8.92 -8.3988
8.93 24.6354
8.94 16.8818
8.95 8.01221
8.96 -6.21396
8.97 8.2932
8.98 13.4856
8.99 16.5075
9 0.708823
9.01 11.0866
9.02 2.3315
9.03 6.83903
9.04 -0.789455
9.05 -12.2699
9.06 -5.90113
9.07 2.01466
9.08 0.291487
9.09 2.55785
9.1 -2.0502
9.11 -5.26018
9.12 13.0035
9.13 12.9916
9.14 9.50048
9.15 -13.9857
9.16 5.13012
9.17 -5.0566
9.18 -10.7748
9.19 5.49893
9.2 -3.58363
9.21 5.11814
9.22 2.17353
9.23 1.61146
9.24 6.8648
9.25 -6.10531
9.26 -0.761563
9.27 0.945112
9.28 -10.8866
9.29 7.27146
9.3 -13.6498
9.31 13.7492
9.32 10.6509
9.33 0.509901
9.34 4.24816
9.35 2.33783
9.36 8.86663
9.37 3.91181
9.38 -3.04829
9.39 -4.30143
9.4 -0.323195
9.41 -4.6124
9.42 -10.1246
9.43 2.49503
9.44 -2.11263
9.45 5.62049
9.46 7.55801
9.47 11.4882
9.48 10.6492
9.49 5.99038
9.5 1.7324
9.51 11.3233
9.52 -5.85123
9.53 12.0632
9.54 -3.42022
9.55 -2.76671
9.56 7.80023
9.57 10.7938
9.58 4.40179
9.59 5.98583
9.6 -8.05362
9.61 -0.885492
9.62 3.22391
9.63 20.7564
9.64 -2.18879
9.65 -14.0441
9.66 2.02836
9.67 4.07431
9.68 2.3532
9.69 -7.5642
9.7 16.04
9.71 3.72508
9.72 9.37376
9.73 -3.45843
9.74 3.35027
9.75 -1.77833
9.76 -4.16643
9.77 -4.55024
9.78 16.6167
9.79 -11.0156
9.8 -4.05447
9.81 7.12519
9.82 4.97411
9.83 -5.03196
9.84 9.57063
9.85 13.296
9.86 -3.01879
9.87 20.2
9.88 13.4337
9.89 -19.1502
9.9 -9.327
9.91 -11.7471
9.92 6.40443
9.93 -0.956973
9.94 3.07055
9.95 9.74636
9.96 -3.65154
9.97 6.80167
9.98 6.79641
9.99 -7.13572
10 -4.40962
