10 0.0944831
20 0.388992
30 0.513353
40 0.242038
50 0.337174
60 0.280966
70 0.301226
80 0.448831
90 0.350309
100 0.444095
110 0.341372
120 0.325367
130 0.343549
140 0.444922
150 0.412503
160 0.290937
170 0.398567
180 0.352202
190 0.336465
200 0.310349
210 0.306855
220 0.341422
230 0.35355
240 0.327034
250 0.346478
260 0.384761
270 0.330919
280 0.36341
290 0.353019
300 0.301253
310 0.365925
320 0.329039
330 0.347702
340 0.35953
350 0.322477
360 0.341906
370 0.388845
380 0.32045
390 0.333918
400 0.300735
410 0.328389
420 0.360364
430 0.350867
440 0.329094
450 0.364649
460 0.367656
470 0.332135
480 0.322883
490 0.371443
500 0.324572
510 0.289305
520 0.355415
530 0.3287
540 0.362401
550 0.371825
560 0.342167
570 0.366776
580 0.363816
590 0.367783
600 0.363551
610 0.343025
620 0.370506
630 0.34833
640 0.336303
650 0.327543
660 0.341757
670 0.378904
680 0.32459
690 0.364245
700 0.358865
710 0.373408
720 0.33334
730 0.340493
740 0.345839
750 0.34932
760 0.338141
770 0.346096
780 0.335838
790 0.364294
800 0.372445
810 0.360176
820 0.376619
830 0.363747
840 0.346435
850 0.365276
860 0.370624
870 0.369044
880 0.347108
890 0.379345
900 0.329239
910 0.349682
920 0.32755
930 0.350611
940 0.368117
950 0.352093
960 0.35336
970 0.350453
980 0.377743
990 0.338459
1000 0.355175
