10 0.0788336
20 0.0633103
30 0.0636006
40 0.0384092
50 0.0700276
60 0.0771339
70 0.0510977
80 0.0797209
90 0.0762046
100 0.0496241
110 0.0546708
120 0.0665097
130 0.0721751
140 0.0744305
150 0.0569819
160 0.0647026
170 0.063002
180 0.07661
190 0.0623265
200 0.0489055
210 0.0636246
220 0.0794903
230 0.0758949
240 0.0683523
250 0.0653977
260 0.0647023
270 0.0628006
280 0.0634933
290 0.0618255
300 0.0637508
310 0.0663409
320 0.0549541
330 0.0564984
340 0.058941
350 0.0679785
360 0.0640542
370 0.0544741
380 0.0658097
390 0.0577769
400 0.0611187
410 0.0650081
420 0.0728559
430 0.0564733
440 0.0691783
450 0.0776177
460 0.0624241
470 0.0647979
480 0.0612795
490 0.0617397
500 0.0541785
510 0.0561171
520 0.0710669
530 0.0611154
540 0.0625661
550 0.0676918
560 0.0675764
570 0.0620832
580 0.0724979
590 0.0632048
600 0.0675015
610 0.0720356
620 0.062199
630 0.0633207
640 0.0666849
650 0.0714977
660 0.0695406
670 0.0619635
680 0.0674081
690 0.0650524
700 0.0672236
710 0.0614713
720 0.0683832
730 0.064091
740 0.0721267
750 0.0633788
760 0.0670512
770 0.0635804
780 0.0564727
790 0.0654645
800 0.0626536
810 0.0634355
820 0.0683626
830 0.0605553
840 0.0642572
850 0.0659696
860 0.0665387
870 0.0639538
880 0.0648458
890 0.0595041
900 0.06777
910 0.0643055
920 0.0673927
930 0.0643555
940 0.06314
950 0.061005
960 0.0637931
970 0.0638013
980 0.062957
990 0.0673611
1000 0.0672917
